7044466
7663733
8006389
8088699
8203278
8386378
8441593
8445014
8447548
8457542
8460552
8467093
8477182
8482096
8483449
8484491
8486593
8486803
8487019
8487148
8488118
8488572
8492515
8493420
8493425
8493844
8493898
8493905
8494574
8494771
8495441
8496112
8497007
8497036
8497136
8497169
8497386
8497460
8497594
8500586
8500610
8500913
8501408
8501581
8501961
8503391
8504104
8504400
8508620
8510214
8512552
8513383
8513766
8513811
8514210
8514309
8515193
8516259
8516614
8518742
8519135
8520047
8521550
8522108
8522514
8522584
8522885
8524882
8525714
8525759
8526985
8527091
8527451
8527490
8527730
8527785
8528163
8528278
8528814
8529593
8529821
8533703
8534444
8534457
8536135
8536245
8536787
8537304
8537422
8537941
8538822
8539008
8539091
8539828
8540082
8540135
8540699
8540798
8540873
8541233
8541308
8541586
8542188
8542373
8543522
8544878
8545342
8545487
8545510
8546753
8546837
8546899
8547332
8547636
8548231
8549425
8549590
8550480
8553269
8554605
8555185
8557803
8559258
8560392
8560585
8562085
8562258
8562894
8562969
8563872
8565259
8565301
8565672
8566276
8566890
8567175
8568093
8568741
8570360
8570757
8571514
8573280
8574059
8576252
8576888
8577000
8577043
8577247
8577367
8578330
8578461
8579815
8580128
8586613
8586728
8588103
8589001
8589190
8589963
8590332
8590984
8591219
8591443
8591631
8592609
8594448
8594936
8594962
8596365
8596478
8596969
8597529
8600291
8600314
8600894
8600920
8600937
8601029
8601975
8602415
8603085
8603351
8604736
8606085
8609895
8610660
8614250
8614505
8614826
8615511
8615747
8616248
8616965
8617071
8617345
8617478
8617513
8619012
8620682
8620876
8620896
8621715
8621720
8621787
8622436
8622806
8622900
8623705
8624743
8625668
8625999
8626943
8627482
8628957
8629148
8629650
8629678
8630890
8635811
8636157
8636352
8638735
8639721
8641376
8641866
8642685
8643217
8643255
8644423
8644635
8644797
8645059
8646278
8647545
8648199
8649248
8649473
8649705
8649756
8651432
8651550
8652677
8653332
8654376
8654994
8655330
8656020
8659234
8660827
8661568
8662197
8663289
8663387
8663564
8663790
8663847
8664069
8664520
8664550
8665340
8665656
8665763
8667075
8667084
8667118
8667350
8667538
8667631
8668686
8668972
8669259
8669538
8669990
8673069
8675375
8675482
8675654
8676051
8676499
8682265
8683915
8684062
8684087
8684649
8684721
8685621
8686682
8687590
8688576
8688943
8689433
8690213
8690371
8690859
8692296
8693203
8694223
8696089
8696612
8696981
8697486
8697657
8698353
8699935
8701824
8702845
8703527
8704871
8705739
8707026
8707611
8708112
8708502
8709613
8710305
8711047
8713748
8715880
8716012
8716797
8718518
8718959
8721123
8721127
8721376
8726165
8726897
8729505
8731509
8731615
8732632
8733229
8734892
8735723
8736375
8737996
8739402
8739567
8739954
8740429
8740871
8741075
8741374
8741748
8743229
8743720
8744041
8744056
8744475
8744891
8746905
8748003
8749497
8751055
8751114
8752051
8752391
8760898
8762809
8763150
8764171
8766219
8766806
8767381
8768498
8770837
8771632
8773830
8774135
8774376
8774409
8775257
8775275
8775390
8779253
8780285
8781924
8783615
8784319
8784832
8785019
8787388
8788527
8788623
8788630
8788683
8788853
8789392
8792142
8793841
8794296
8795164
8796328
8797527
8797734
8799665
8799785
8800914
8801513
8802482
8802511
8803185
8803308
8803641
8804547
8806333
8807967
8808121
8822979
8822982
8823585
8824299
8825339
8825512
8826021
8826028
8826902
8827097
8828334
8829046
8829104
8829850
8830054
8830180
8830251
8830282
8830516
8830655
8831104
8831294
8831909
8833435
8834074
8834738
8836125
8837718
8838048
8843030
8848428
8852905
8853411
8856854
8860897
8861598
8863272
8863732
8864204
8864230
8866752
8867105
8869346
8870661
8874595
